   1.0027682e-02   0.0000000e+00
   2.0055364e-02   0.0000000e+00
   3.0083046e-02   0.0000000e+00
   4.0110728e-02   0.0000000e+00
   5.0138411e-02   0.0000000e+00
   6.0166093e-02   0.0000000e+00
   7.0193775e-02   0.0000000e+00
   8.0221457e-02   0.0000000e+00
   9.0249139e-02   0.0000000e+00
   1.0027682e-01   0.0000000e+00
   1.1030450e-01   0.0000000e+00
   1.2033219e-01   0.0000000e+00
   1.3035987e-01   0.0000000e+00
   1.4038755e-01   0.0000000e+00
   1.5041523e-01   0.0000000e+00
   1.6044291e-01   0.0000000e+00
   1.7047060e-01   0.0000000e+00
   1.8049828e-01   0.0000000e+00
   1.9052596e-01   0.0000000e+00
   2.0055364e-01   0.0000000e+00
   2.1058132e-01   0.0000000e+00
   2.2060901e-01   0.0000000e+00
   2.3063669e-01   0.0000000e+00
   2.4066437e-01   0.0000000e+00
   2.5069205e-01   0.0000000e+00
   2.6071973e-01   0.0000000e+00
   2.7074742e-01   0.0000000e+00
   2.8077510e-01   0.0000000e+00
   2.9080278e-01   0.0000000e+00
   3.0083046e-01   0.0000000e+00
   3.1085815e-01   0.0000000e+00
   3.2088583e-01   0.0000000e+00
   3.3091351e-01   0.0000000e+00
   3.4094119e-01   0.0000000e+00
   3.5096887e-01   0.0000000e+00
   3.6099656e-01   0.0000000e+00
   3.7102424e-01   0.0000000e+00
   3.8105192e-01   0.0000000e+00
   3.9107960e-01   0.0000000e+00
   4.0110728e-01   0.0000000e+00
   4.1113497e-01   0.0000000e+00
   4.2116265e-01   0.0000000e+00
   4.3119033e-01   0.0000000e+00
   4.4121801e-01   2.5678790e+02
   4.5124570e-01   2.7532925e+02
   4.6127338e-01   2.9110193e+02
   4.7130106e-01   3.1083606e+02
   4.8132874e-01   3.2713525e+02
   4.9135642e-01   3.4705551e+02
   5.0138411e-01   3.6410202e+02
   5.1141179e-01   3.8023141e+02
   5.2143947e-01   3.9118094e+02
   5.3146715e-01   4.0003561e+02
   5.4149483e-01   4.0493088e+02
   5.5152252e-01   4.0771371e+02
   5.6155020e-01   4.0880197e+02
   5.7157788e-01   4.0787067e+02
   5.8160556e-01   4.0510300e+02
   5.9163324e-01   4.0140097e+02
   6.0166093e-01   3.9833435e+02
   6.1168861e-01   3.9665121e+02
   6.2171629e-01   3.9628772e+02
   6.3174397e-01   3.9779938e+02
   6.4177166e-01   4.0145987e+02
   6.5179934e-01   4.0696124e+02
   6.6182702e-01   4.1371765e+02
   6.7185470e-01   4.2032462e+02
   6.8188238e-01   4.2622757e+02
   6.9191007e-01   4.2979288e+02
   7.0193775e-01   4.3170474e+02
   7.1196543e-01   4.3247144e+02
   7.2199311e-01   4.3254105e+02
   7.3202079e-01   4.3202542e+02
   7.4204848e-01   4.3105566e+02
   7.5207616e-01   4.2999982e+02
   7.6210384e-01   4.2928522e+02
   7.7213152e-01   4.2907605e+02
   7.8215920e-01   4.2970819e+02
   7.9218689e-01   4.3059293e+02
   8.0221457e-01   4.3190869e+02
   8.1224225e-01   4.3339465e+02
   8.2226993e-01   4.3463565e+02
   8.3229762e-01   4.3550916e+02
   8.4232530e-01   4.3590106e+02
   8.5235298e-01   4.3637363e+02
   8.6238066e-01   4.3689310e+02
   8.7240834e-01   4.3719171e+02
   8.8243603e-01   4.3719327e+02
   8.9246371e-01   4.3685233e+02
   9.0249139e-01   4.3662259e+02
   9.1251907e-01   4.3674612e+02
   9.2254675e-01   4.3714133e+02
   9.3257444e-01   4.3767136e+02
   9.4260212e-01   4.3752274e+02
   9.5262980e-01   4.3706744e+02
   9.6265748e-01   4.3652911e+02
   9.7268516e-01   4.3594608e+02
   9.8271285e-01   4.3564749e+02
   9.9274053e-01   4.3561383e+02
   1.0027682e+00   4.3635419e+02
   1.0127959e+00   4.3721475e+02
   1.0228236e+00   4.3819351e+02
   1.0328513e+00   4.3871735e+02
   1.0428789e+00   4.3882010e+02
   1.0529066e+00   4.3847937e+02
   1.0629343e+00   4.3821918e+02
   1.0729620e+00   4.3822205e+02
   1.0829897e+00   4.3818854e+02
   1.0930174e+00   4.3860693e+02
   1.1030450e+00   4.3930927e+02
   1.1130727e+00   4.3988489e+02
   1.1231004e+00   4.4025659e+02
   1.1331281e+00   4.4070117e+02
   1.1431558e+00   4.4073898e+02
   1.1531834e+00   4.4034894e+02
   1.1632111e+00   4.3998233e+02
   1.1732388e+00   4.3977762e+02
   1.1832665e+00   4.4015265e+02
   1.1932942e+00   4.4067358e+02
   1.2033219e+00   4.4092691e+02
   1.2133495e+00   4.4065289e+02
   1.2233772e+00   4.4053156e+02
   1.2334049e+00   4.4087860e+02
   1.2434326e+00   4.4103918e+02
   1.2534603e+00   4.4099908e+02
   1.2634879e+00   4.4110150e+02
   1.2735156e+00   4.4090128e+02
   1.2835433e+00   4.4022791e+02
   1.2935710e+00   4.3947318e+02
   1.3035987e+00   4.3871759e+02
   1.3136264e+00   4.3790308e+02
   1.3236540e+00   4.3707208e+02
   1.3336817e+00   4.3604514e+02
   1.3437094e+00   4.3489145e+02
   1.3537371e+00   4.3381897e+02
   1.3637648e+00   4.3343839e+02
   1.3737924e+00   4.3399780e+02
   1.3838201e+00   4.3475229e+02
   1.3938478e+00   4.3560547e+02
   1.4038755e+00   4.3668765e+02
   1.4139032e+00   4.3797775e+02
   1.4239309e+00   4.3882300e+02
   1.4339585e+00   4.3868573e+02
   1.4439862e+00   4.3938876e+02
   1.4540139e+00   4.4152075e+02
   1.4640416e+00   4.4069159e+02
   1.4740693e+00   4.1873880e+02
   1.4840970e+00   3.7931476e+02
   1.4941246e+00   3.4609744e+02
   1.5041523e+00   3.2013629e+02
   1.5141800e+00   0.0000000e+00
   1.5242077e+00   0.0000000e+00
   1.5342354e+00   0.0000000e+00
   1.5442630e+00   0.0000000e+00
   1.5542907e+00   0.0000000e+00
   1.5643184e+00   0.0000000e+00
   1.5743461e+00   0.0000000e+00
   1.5843738e+00   0.0000000e+00
   1.5944015e+00   0.0000000e+00
   1.6044291e+00   3.5051807e+02
   1.6144568e+00   3.4777563e+02
   1.6244845e+00   3.5300812e+02
   1.6345122e+00   3.6794901e+02
   1.6445399e+00   3.8669403e+02
   1.6545675e+00   4.0481036e+02
   1.6645952e+00   4.2319543e+02
   1.6746229e+00   4.3460455e+02
   1.6846506e+00   4.3907980e+02
   1.6946783e+00   4.3973077e+02
   1.7047060e+00   4.3845016e+02
   1.7147336e+00   4.3615479e+02
   1.7247613e+00   4.3324963e+02
   1.7347890e+00   4.2938797e+02
   1.7448167e+00   4.2500290e+02
   1.7548444e+00   4.2087280e+02
   1.7648721e+00   4.1721088e+02
   1.7748997e+00   4.1498068e+02
   1.7849274e+00   4.1348331e+02
   1.7949551e+00   4.1341776e+02
   1.8049828e+00   4.1430661e+02
   1.8150105e+00   4.1596814e+02
   1.8250381e+00   4.1921475e+02
   1.8350658e+00   4.2346036e+02
   1.8450935e+00   4.2851114e+02
   1.8551212e+00   4.3458765e+02
   1.8651489e+00   4.3932886e+02
   1.8751766e+00   4.4289182e+02
   1.8852042e+00   4.4460699e+02
   1.8952319e+00   4.4380283e+02
   1.9052596e+00   4.3979041e+02
   1.9152873e+00   4.3398059e+02
   1.9253150e+00   4.2590176e+02
   1.9353426e+00   4.1876025e+02
   1.9453703e+00   4.1293237e+02
   1.9553980e+00   4.0882281e+02
   1.9654257e+00   4.0591565e+02
   1.9754534e+00   4.0507172e+02
   1.9854811e+00   4.0602399e+02
   1.9955087e+00   4.0901346e+02
   2.0055364e+00   4.1411035e+02
   2.0155641e+00   4.2071619e+02
   2.0255918e+00   4.2767880e+02
   2.0356195e+00   4.3351041e+02
   2.0456472e+00   4.3710104e+02
   2.0556748e+00   4.3952158e+02
   2.0657025e+00   4.3974069e+02
   2.0757302e+00   4.3771732e+02
   2.0857579e+00   4.3193423e+02
   2.0957856e+00   4.2445563e+02
   2.1058132e+00   4.1628186e+02
   2.1158409e+00   4.0999258e+02
   2.1258686e+00   4.0595078e+02
   2.1358963e+00   4.0321118e+02
   2.1459240e+00   4.0201813e+02
   2.1559517e+00   4.0249280e+02
   2.1659793e+00   4.0517230e+02
   2.1760070e+00   4.0933691e+02
   2.1860347e+00   4.1564221e+02
   2.1960624e+00   4.2227087e+02
   2.2060901e+00   4.2911816e+02
   2.2161177e+00   4.3521704e+02
   2.2261454e+00   4.3875162e+02
   2.2361731e+00   4.4101868e+02
   2.2462008e+00   4.4245627e+02
   2.2562285e+00   4.4220078e+02
   2.2662562e+00   4.3871378e+02
   2.2762838e+00   4.3387521e+02
   2.2863115e+00   4.2667883e+02
   2.2963392e+00   4.1858066e+02
   2.3063669e+00   4.1176212e+02
   2.3163946e+00   4.0701093e+02
   2.3264223e+00   4.0394095e+02
   2.3364499e+00   4.0272720e+02
   2.3464776e+00   4.0348029e+02
   2.3565053e+00   4.0543182e+02
   2.3665330e+00   4.0884979e+02
   2.3765607e+00   4.1413785e+02
   2.3865883e+00   4.1945123e+02
   2.3966160e+00   4.2457739e+02
   2.4066437e+00   4.2954022e+02
   2.4166714e+00   4.3319641e+02
   2.4266991e+00   4.3532098e+02
   2.4367268e+00   4.3501587e+02
   2.4467544e+00   4.3326376e+02
   2.4567821e+00   4.2956631e+02
   2.4668098e+00   4.2442004e+02
   2.4768375e+00   4.2008463e+02
   2.4868652e+00   4.1253555e+02
   2.4968928e+00   4.0064349e+02
   2.5069205e+00   4.0091544e+02
   2.5169482e+00   4.0183963e+02
   2.5269759e+00   4.0655951e+02
   2.5370036e+00   4.1220700e+02
   2.5470313e+00   4.1833395e+02
   2.5570589e+00   4.2427637e+02
   2.5670866e+00   4.2892929e+02
   2.5771143e+00   4.3078156e+02
   2.5871420e+00   4.2647977e+02
   2.5971697e+00   4.1445694e+02
   2.6071973e+00   3.9548611e+02
   2.6172250e+00   3.7600769e+02
   2.6272527e+00   3.4509378e+02
   2.6372804e+00   0.0000000e+00
   2.6473081e+00   0.0000000e+00
   2.6573358e+00   0.0000000e+00
   2.6673634e+00   0.0000000e+00
   2.6773911e+00   0.0000000e+00
   2.6874188e+00   0.0000000e+00
   2.6974465e+00   0.0000000e+00
   2.7074742e+00   0.0000000e+00
   2.7175019e+00   0.0000000e+00
   2.7275295e+00   0.0000000e+00
   2.7375572e+00   0.0000000e+00
   2.7475849e+00   0.0000000e+00
   2.7576126e+00   0.0000000e+00
   2.7676403e+00   0.0000000e+00
   2.7776679e+00   0.0000000e+00
   2.7876956e+00   0.0000000e+00
   2.7977233e+00   0.0000000e+00
   2.8077510e+00   0.0000000e+00
   2.8177787e+00   0.0000000e+00
   2.8278064e+00   0.0000000e+00
   2.8378340e+00   0.0000000e+00
   2.8478617e+00   0.0000000e+00
   2.8578894e+00   0.0000000e+00
   2.8679171e+00   0.0000000e+00
   2.8779448e+00   0.0000000e+00
   2.8879724e+00   0.0000000e+00
   2.8980001e+00   0.0000000e+00
   2.9080278e+00   0.0000000e+00
   2.9180555e+00   0.0000000e+00
   2.9280832e+00   0.0000000e+00
   2.9381109e+00   0.0000000e+00
   2.9481385e+00   0.0000000e+00
   2.9581662e+00   0.0000000e+00
   2.9681939e+00   0.0000000e+00
   2.9782216e+00   0.0000000e+00
   2.9882493e+00   0.0000000e+00
   2.9982770e+00   0.0000000e+00
   3.0083046e+00   0.0000000e+00
   3.0183323e+00   0.0000000e+00
   3.0283600e+00   4.0123297e+02
   3.0383877e+00   4.0718292e+02
   3.0484154e+00   4.1702994e+02
   3.0584430e+00   4.2466553e+02
   3.0684707e+00   4.2855560e+02
   3.0784984e+00   4.2956195e+02
   3.0885261e+00   4.2872293e+02
   3.0985538e+00   4.2738339e+02
   3.1085815e+00   4.2606342e+02
   3.1186091e+00   4.2508698e+02
   3.1286368e+00   4.2481821e+02
   3.1386645e+00   4.2436710e+02
   3.1486922e+00   4.2381543e+02
   3.1587199e+00   4.2306015e+02
   3.1687475e+00   4.2242892e+02
   3.1787752e+00   4.2230499e+02
   3.1888029e+00   4.2274429e+02
   3.1988306e+00   4.2339917e+02
   3.2088583e+00   4.2445163e+02
   3.2188860e+00   4.2613828e+02
   3.2289136e+00   4.2618646e+02
   3.2389413e+00   4.1262930e+02
   3.2489690e+00   3.6260025e+02
   3.2589967e+00   3.3641302e+02
   3.2690244e+00   3.1693607e+02
   3.2790521e+00   0.0000000e+00
   3.2890797e+00   0.0000000e+00
   3.2991074e+00   0.0000000e+00
   3.3091351e+00   0.0000000e+00
   3.3191628e+00   0.0000000e+00
   3.3291905e+00   0.0000000e+00
   3.3392181e+00   0.0000000e+00
   3.3492458e+00   0.0000000e+00
   3.3592735e+00   0.0000000e+00
   3.3693012e+00   0.0000000e+00
   3.3793289e+00   0.0000000e+00
   3.3893566e+00   0.0000000e+00
   3.3993842e+00   0.0000000e+00
   3.4094119e+00   0.0000000e+00
   3.4194396e+00   0.0000000e+00
   3.4294673e+00   3.7868604e+02
   3.4394950e+00   4.0141080e+02
   3.4495226e+00   4.2862341e+02
   3.4595503e+00   4.4989764e+02
   3.4695780e+00   4.5953778e+02
   3.4796057e+00   4.6013971e+02
   3.4896334e+00   4.5926059e+02
   3.4996611e+00   4.5826672e+02
   3.5096887e+00   4.5735953e+02
   3.5197164e+00   4.5706952e+02
   3.5297441e+00   4.5632437e+02
   3.5397718e+00   4.5514514e+02
   3.5497995e+00   4.5326562e+02
   3.5598271e+00   4.5187122e+02
   3.5698548e+00   4.5101794e+02
   3.5798825e+00   4.5090405e+02
   3.5899102e+00   4.5058047e+02
   3.5999379e+00   4.5010236e+02
   3.6099656e+00   4.5015323e+02
   3.6199932e+00   4.5082281e+02
   3.6300209e+00   4.5130371e+02
   3.6400486e+00   4.5144708e+02
   3.6500763e+00   4.5133832e+02
   3.6601040e+00   4.5162372e+02
   3.6701317e+00   4.5177322e+02
   3.6801593e+00   4.5167361e+02
   3.6901870e+00   4.5056082e+02
   3.7002147e+00   4.4889163e+02
   3.7102424e+00   4.4704373e+02
   3.7202701e+00   4.4527914e+02
   3.7302977e+00   4.4391995e+02
   3.7403254e+00   4.4361584e+02
   3.7503531e+00   4.4424591e+02
   3.7603808e+00   4.4500256e+02
   3.7704085e+00   4.4601892e+02
   3.7804362e+00   4.4707910e+02
   3.7904638e+00   4.4854025e+02
   3.8004915e+00   4.4995383e+02
   3.8105192e+00   4.5177029e+02
   3.8205469e+00   4.5265079e+02
   3.8305746e+00   4.5350732e+02
   3.8406022e+00   4.5395779e+02
   3.8506299e+00   4.5418964e+02
   3.8606576e+00   4.5386694e+02
   3.8706853e+00   4.5402637e+02
   3.8807130e+00   4.5525159e+02
   3.8907407e+00   4.5794086e+02
   3.9007683e+00   4.6147696e+02
   3.9107960e+00   4.6590262e+02
   3.9208237e+00   4.7036633e+02
   3.9308514e+00   4.7535791e+02
   3.9408791e+00   4.8080170e+02
   3.9509068e+00   4.8522662e+02
   3.9609344e+00   4.8768219e+02
   3.9709621e+00   4.8865991e+02
   3.9809898e+00   4.8869040e+02
   3.9910175e+00   4.8818887e+02
   4.0010452e+00   4.8710751e+02
   4.0110728e+00   4.8658859e+02
   4.0211005e+00   4.8700598e+02
   4.0311282e+00   4.8795300e+02
   4.0411559e+00   4.8884109e+02
   4.0511836e+00   4.8980994e+02
   4.0612113e+00   4.9073151e+02
   4.0712389e+00   4.9209100e+02
   4.0812666e+00   4.9307690e+02
   4.0912943e+00   4.9412039e+02
   4.1013220e+00   4.9453659e+02
   4.1113497e+00   4.9410904e+02
   4.1213773e+00   4.9306580e+02
   4.1314050e+00   4.9192062e+02
   4.1414327e+00   4.9021646e+02
   4.1514604e+00   4.8787579e+02
   4.1614881e+00   4.8539703e+02
   4.1715158e+00   4.8324722e+02
   4.1815434e+00   4.8062726e+02
   4.1915711e+00   4.7803879e+02
   4.2015988e+00   4.7551715e+02
   4.2116265e+00   4.7313681e+02
   4.2216542e+00   4.7072745e+02
   4.2316819e+00   4.6772244e+02
   4.2417095e+00   4.6462640e+02
   4.2517372e+00   4.6111847e+02
   4.2617649e+00   4.5767117e+02
   4.2717926e+00   4.5395163e+02
   4.2818203e+00   4.5061880e+02
   4.2918479e+00   4.4761972e+02
   4.3018756e+00   4.4545212e+02
   4.3119033e+00   4.4356702e+02
   4.3219310e+00   4.4205215e+02
   4.3319587e+00   4.4020316e+02
   4.3419864e+00   4.3870847e+02
   4.3520140e+00   4.3750717e+02
   4.3620417e+00   4.3666656e+02
   4.3720694e+00   4.3627341e+02
   4.3820971e+00   4.3550171e+02
   4.3921248e+00   4.3468753e+02
   4.4021524e+00   4.3432507e+02
   4.4121801e+00   4.3467789e+02
   4.4222078e+00   4.3569537e+02
   4.4322355e+00   4.3639154e+02
   4.4422632e+00   4.3719321e+02
   4.4522909e+00   4.3824445e+02
   4.4623185e+00   4.3877188e+02
   4.4723462e+00   4.3904437e+02
   4.4823739e+00   4.3972772e+02
   4.4924016e+00   4.3906995e+02
   4.5024293e+00   4.3163712e+02
   4.5124570e+00   4.0902628e+02
   4.5224846e+00   3.8364310e+02
   4.5325123e+00   3.6265564e+02
   4.5425400e+00   3.5771912e+02
   4.5525677e+00   3.6568414e+02
   4.5625954e+00   3.8667987e+02
   4.5726230e+00   4.1035925e+02
   4.5826507e+00   4.3296341e+02
   4.5926784e+00   4.5124115e+02
   4.6027061e+00   4.5947754e+02
   4.6127338e+00   4.5929492e+02
   4.6227615e+00   4.5606543e+02
   4.6327891e+00   4.5107782e+02
   4.6428168e+00   4.4497702e+02
   4.6528445e+00   4.3768759e+02
   4.6628722e+00   4.3202829e+02
   4.6728999e+00   4.2749966e+02
   4.6829275e+00   4.2474164e+02
   4.6929552e+00   4.2383496e+02
   4.7029829e+00   4.2473685e+02
   4.7130106e+00   4.2663998e+02
   4.7230383e+00   4.2903619e+02
   4.7330660e+00   4.3028232e+02
   4.7430936e+00   4.2959067e+02
   4.7531213e+00   4.2682559e+02
   4.7631490e+00   4.2158466e+02
   4.7731767e+00   3.8605341e+02
   4.7832044e+00   3.4450305e+02
   4.7932320e+00   3.4784262e+02
   4.8032597e+00   3.6074347e+02
   4.8132874e+00   3.7136664e+02
   4.8233151e+00   3.7398398e+02
   4.8333428e+00   3.7190012e+02
   4.8433705e+00   3.7127670e+02
   4.8533981e+00   3.7113937e+02
   4.8634258e+00   3.7147446e+02
   4.8734535e+00   3.7207211e+02
   4.8834812e+00   3.7267880e+02
   4.8935089e+00   3.7309634e+02
   4.9035366e+00   3.7391165e+02
   4.9135642e+00   3.7426169e+02
   4.9235919e+00   3.7397308e+02
   4.9336196e+00   3.7348837e+02
   4.9436473e+00   3.7311047e+02
   4.9536750e+00   3.7269843e+02
   4.9637026e+00   3.7216418e+02
   4.9737303e+00   3.7170804e+02
   4.9837580e+00   3.7166608e+02
   4.9937857e+00   3.7220837e+02
   5.0038134e+00   3.7300836e+02
   5.0138411e+00   3.7406662e+02
   5.0238687e+00   3.7522540e+02
   5.0338964e+00   3.7682596e+02
   5.0439241e+00   3.7846368e+02
   5.0539518e+00   3.7968683e+02
   5.0639795e+00   3.8021576e+02
   5.0740071e+00   3.8047549e+02
   5.0840348e+00   3.8160965e+02
   5.0940625e+00   3.8254022e+02
   5.1040902e+00   3.8303320e+02
   5.1141179e+00   3.8330527e+02
   5.1241456e+00   3.8438651e+02
   5.1341732e+00   3.8654556e+02
   5.1442009e+00   3.9080737e+02
   5.1542286e+00   3.9699380e+02
   5.1642563e+00   4.0508188e+02
   5.1742840e+00   4.1336920e+02
   5.1843117e+00   4.2107651e+02
   5.1943393e+00   4.2900464e+02
   5.2043670e+00   4.3483990e+02
   5.2143947e+00   4.3882870e+02
   5.2244224e+00   4.4041208e+02
   5.2344501e+00   4.4094736e+02
   5.2444777e+00   4.4046332e+02
   5.2545054e+00   4.3954770e+02
   5.2645331e+00   4.3883762e+02
   5.2745608e+00   4.3851572e+02
   5.2845885e+00   4.3861124e+02
   5.2946162e+00   4.3869522e+02
   5.3046438e+00   4.3925082e+02
   5.3146715e+00   4.3978601e+02
   5.3246992e+00   4.4075919e+02
   5.3347269e+00   4.4130334e+02
   5.3447546e+00   4.4076974e+02
   5.3547822e+00   4.3951266e+02
   5.3648099e+00   4.3821219e+02
   5.3748376e+00   4.3704379e+02
   5.3848653e+00   4.3619583e+02
   5.3948930e+00   4.3561523e+02
   5.4049207e+00   4.3516953e+02
   5.4149483e+00   4.3504434e+02
   5.4249760e+00   4.3505539e+02
   5.4350037e+00   4.3514581e+02
   5.4450314e+00   4.3525443e+02
   5.4550591e+00   4.3568576e+02
   5.4650868e+00   4.3627359e+02
   5.4751144e+00   4.3721991e+02
   5.4851421e+00   4.3811182e+02
   5.4951698e+00   4.3845752e+02
   5.5051975e+00   4.3863849e+02
   5.5152252e+00   4.3836929e+02
   5.5252528e+00   4.3781711e+02
   5.5352805e+00   4.3675659e+02
   5.5453082e+00   4.3642691e+02
   5.5553359e+00   4.3659680e+02
   5.5653636e+00   4.3673529e+02
   5.5753913e+00   4.3650012e+02
   5.5854189e+00   4.3632227e+02
   5.5954466e+00   4.3632126e+02
   5.6054743e+00   4.3621408e+02
   5.6155020e+00   4.3606531e+02
   5.6255297e+00   4.3574780e+02
   5.6355573e+00   4.3572043e+02
   5.6455850e+00   4.3583688e+02
   5.6556127e+00   4.3570551e+02
   5.6656404e+00   4.3551883e+02
   5.6756681e+00   4.3545807e+02
   5.6856958e+00   4.3558722e+02
   5.6957234e+00   4.3580121e+02
   5.7057511e+00   4.3609009e+02
   5.7157788e+00   4.3652863e+02
   5.7258065e+00   4.3710764e+02
   5.7358342e+00   4.3788690e+02
   5.7458619e+00   4.3917355e+02
   5.7558895e+00   4.4139603e+02
   5.7659172e+00   4.4375668e+02
   5.7759449e+00   4.4623102e+02
   5.7859726e+00   4.4757272e+02
   5.7960003e+00   4.4408502e+02
   5.8060279e+00   4.3531458e+02
   5.8160556e+00   4.3145145e+02
   5.8260833e+00   4.3656039e+02
   5.8361110e+00   4.4325732e+02
   5.8461387e+00   4.4682056e+02
   5.8561664e+00   4.4865445e+02
   5.8661940e+00   4.4907217e+02
   5.8762217e+00   4.4815347e+02
   5.8862494e+00   4.4645654e+02
   5.8962771e+00   4.4372015e+02
   5.9063048e+00   4.4106747e+02
   5.9163324e+00   4.3800540e+02
   5.9263601e+00   4.3570853e+02
   5.9363878e+00   4.3341327e+02
   5.9464155e+00   4.3106567e+02
   5.9564432e+00   4.3046988e+02
   5.9664709e+00   4.3214853e+02
   5.9764985e+00   4.3651511e+02
   5.9865262e+00   4.4170010e+02
   5.9965539e+00   4.4466562e+02
   6.0065816e+00   4.4538324e+02
   6.0166093e+00   4.4495282e+02
   6.0266369e+00   4.4454861e+02
   6.0366646e+00   4.4384869e+02
   6.0466923e+00   4.4202322e+02
   6.0567200e+00   4.3828430e+02
   6.0667477e+00   4.3253232e+02
   6.0767754e+00   4.2526102e+02
   6.0868030e+00   4.1876843e+02
   6.0968307e+00   4.1401642e+02
   6.1068584e+00   4.1032013e+02
   6.1168861e+00   4.0881433e+02
   6.1269138e+00   4.1025198e+02
   6.1369415e+00   4.1414966e+02
   6.1469691e+00   4.2108704e+02
   6.1569968e+00   4.2875156e+02
   6.1670245e+00   4.3562119e+02
   6.1770522e+00   4.4218314e+02
   6.1870799e+00   4.4518332e+02
   6.1971075e+00   4.4528955e+02
   6.2071352e+00   4.4238766e+02
   6.2171629e+00   4.3687308e+02
   6.2271906e+00   4.2870920e+02
   6.2372183e+00   4.2037842e+02
   6.2472460e+00   4.1253653e+02
   6.2572736e+00   4.0565234e+02
   6.2673013e+00   4.0214999e+02
   6.2773290e+00   4.0162582e+02
   6.2873567e+00   4.0413211e+02
   6.2973844e+00   4.0964389e+02
   6.3074120e+00   4.1689047e+02
   6.3174397e+00   4.2585889e+02
   6.3274674e+00   4.3418124e+02
   6.3374951e+00   4.4079968e+02
   6.3475228e+00   4.4538626e+02
   6.3575505e+00   4.4695529e+02
   6.3675781e+00   4.4552838e+02
   6.3776058e+00   4.4237494e+02
   6.3876335e+00   4.3716641e+02
   6.3976612e+00   4.3153583e+02
   6.4076889e+00   4.2509064e+02
   6.4177166e+00   4.1800009e+02
   6.4277442e+00   4.1222961e+02
   6.4377719e+00   4.0832465e+02
   6.4477996e+00   4.0722177e+02
   6.4578273e+00   4.0814072e+02
   6.4678550e+00   4.1095245e+02
   6.4778826e+00   4.1603381e+02
   6.4879103e+00   4.2282007e+02
   6.4979380e+00   4.2877829e+02
   6.5079657e+00   4.3389062e+02
   6.5179934e+00   4.3681528e+02
   6.5280211e+00   4.3767300e+02
   6.5380487e+00   4.3748331e+02
   6.5480764e+00   4.3652884e+02
   6.5581041e+00   4.3462582e+02
   6.5681318e+00   4.3182095e+02
   6.5781595e+00   4.2867108e+02
   6.5881871e+00   4.2509348e+02
   6.5982148e+00   4.2028668e+02
   6.6082425e+00   4.1573730e+02
   6.6182702e+00   4.1166183e+02
   6.6282979e+00   4.0953760e+02
   6.6383256e+00   4.0924347e+02
   6.6483532e+00   4.1075223e+02
   6.6583809e+00   4.1428052e+02
   6.6684086e+00   4.1968317e+02
   6.6784363e+00   4.2421082e+02
   6.6884640e+00   4.2820526e+02
   6.6984917e+00   4.3157297e+02
   6.7085193e+00   4.2446838e+02
   6.7185470e+00   4.1079605e+02
   6.7285747e+00   3.9062842e+02
   6.7386024e+00   3.6801257e+02
   6.7486301e+00   3.3809253e+02
   6.7586577e+00   0.0000000e+00
   6.7686854e+00   0.0000000e+00
   6.7787131e+00   0.0000000e+00
   6.7887408e+00   0.0000000e+00
   6.7987685e+00   0.0000000e+00
   6.8087962e+00   0.0000000e+00
   6.8188238e+00   0.0000000e+00
   6.8288515e+00   0.0000000e+00
   6.8388792e+00   0.0000000e+00
   6.8489069e+00   0.0000000e+00
   6.8589346e+00   0.0000000e+00
   6.8689622e+00   0.0000000e+00
   6.8789899e+00   0.0000000e+00
   6.8890176e+00   0.0000000e+00
   6.8990453e+00   0.0000000e+00
   6.9090730e+00   0.0000000e+00
   6.9191007e+00   0.0000000e+00
   6.9291283e+00   0.0000000e+00
   6.9391560e+00   0.0000000e+00
   6.9491837e+00   0.0000000e+00
   6.9592114e+00   0.0000000e+00
   6.9692391e+00   0.0000000e+00
   6.9792668e+00   0.0000000e+00
   6.9892944e+00   0.0000000e+00
   6.9993221e+00   0.0000000e+00
   7.0093498e+00   0.0000000e+00
   7.0193775e+00   0.0000000e+00
   7.0294052e+00   0.0000000e+00
   7.0394328e+00   0.0000000e+00
   7.0494605e+00   0.0000000e+00
   7.0594882e+00   0.0000000e+00
   7.0695159e+00   0.0000000e+00
   7.0795436e+00   0.0000000e+00
   7.0895713e+00   0.0000000e+00
   7.0995989e+00   0.0000000e+00
   7.1096266e+00   0.0000000e+00
   7.1196543e+00   0.0000000e+00
   7.1296820e+00   0.0000000e+00
   7.1397097e+00   0.0000000e+00
   7.1497373e+00   0.0000000e+00
   7.1597650e+00   0.0000000e+00
   7.1697927e+00   0.0000000e+00
   7.1798204e+00   0.0000000e+00
   7.1898481e+00   0.0000000e+00
   7.1998758e+00   0.0000000e+00
   7.2099034e+00   0.0000000e+00
   7.2199311e+00   0.0000000e+00
   7.2299588e+00   0.0000000e+00
   7.2399865e+00   0.0000000e+00
   7.2500142e+00   0.0000000e+00
   7.2600418e+00   4.5089548e+02
   7.2700695e+00   4.3955789e+02
   7.2800972e+00   4.2966946e+02
   7.2901249e+00   4.2217807e+02
   7.3001526e+00   4.1606549e+02
   7.3101803e+00   4.1216165e+02
   7.3202079e+00   4.0911948e+02
   7.3302356e+00   4.0741599e+02
   7.3402633e+00   4.0691608e+02
   7.3502910e+00   4.0734451e+02
   7.3603187e+00   4.0777206e+02
   7.3703464e+00   4.0814099e+02
   7.3803740e+00   4.0835663e+02
   7.3904017e+00   4.0852298e+02
   7.4004294e+00   4.0880530e+02
   7.4104571e+00   4.0913812e+02
   7.4204848e+00   4.0904150e+02
   7.4305124e+00   4.0868286e+02
   7.4405401e+00   4.0851431e+02
   7.4505678e+00   4.0853305e+02
   7.4605955e+00   4.0872028e+02
   7.4706232e+00   4.0852570e+02
   7.4806509e+00   4.0844458e+02
   7.4906785e+00   4.0842386e+02
   7.5007062e+00   4.0892584e+02
   7.5107339e+00   4.0921640e+02
   7.5207616e+00   4.0990585e+02
   7.5307893e+00   4.1115164e+02
   7.5408169e+00   4.1281424e+02
   7.5508446e+00   4.1469681e+02
   7.5608723e+00   4.1650363e+02
   7.5709000e+00   4.1764139e+02
   7.5809277e+00   4.1757202e+02
   7.5909554e+00   4.1579291e+02
   7.6009830e+00   4.1717487e+02
   7.6110107e+00   4.1877591e+02
   7.6210384e+00   4.1997778e+02
   7.6310661e+00   4.2104166e+02
   7.6410938e+00   4.2425107e+02
   7.6511215e+00   4.2740671e+02
   7.6611491e+00   4.3016348e+02
   7.6711768e+00   4.3329886e+02
   7.6812045e+00   4.3626926e+02
   7.6912322e+00   4.3754959e+02
   7.7012599e+00   4.3772485e+02
   7.7112875e+00   4.3723236e+02
   7.7213152e+00   4.3710468e+02
   7.7313429e+00   4.3702615e+02
   7.7413706e+00   4.3685928e+02
   7.7513983e+00   4.3715976e+02
   7.7614260e+00   4.3789230e+02
   7.7714536e+00   4.3847061e+02
   7.7814813e+00   4.3929401e+02
   7.7915090e+00   4.4060361e+02
   7.8015367e+00   4.4129068e+02
   7.8115644e+00   4.4114990e+02
   7.8215920e+00   4.4112769e+02
   7.8316197e+00   4.4167508e+02
   7.8416474e+00   4.4223700e+02
   7.8516751e+00   4.4248611e+02
   7.8617028e+00   4.4322321e+02
   7.8717305e+00   4.4437964e+02
   7.8817581e+00   4.4572260e+02
   7.8917858e+00   4.4592010e+02
   7.9018135e+00   4.4514847e+02
   7.9118412e+00   4.4429413e+02
   7.9218689e+00   4.4450497e+02
   7.9318966e+00   4.4535791e+02
   7.9419242e+00   4.4717273e+02
   7.9519519e+00   4.4928204e+02
   7.9619796e+00   4.4956778e+02
   7.9720073e+00   4.4846622e+02
   7.9820350e+00   4.4767926e+02
   7.9920626e+00   4.4749515e+02
   8.0020903e+00   4.4676111e+02
   8.0121180e+00   4.4461862e+02
   8.0221457e+00   4.4267303e+02
   8.0321734e+00   4.4160074e+02
   8.0422011e+00   4.4106485e+02
   8.0522287e+00   4.4118188e+02
   8.0622564e+00   4.4204395e+02
   8.0722841e+00   4.4304730e+02
   8.0823118e+00   4.4459796e+02
   8.0923395e+00   4.4817972e+02
   8.1023671e+00   4.5402884e+02
   8.1123948e+00   4.6176779e+02
   8.1224225e+00   4.6972702e+02
   8.1324502e+00   4.7740936e+02
   8.1424779e+00   4.8316425e+02
   8.1525056e+00   4.8746765e+02
   8.1625332e+00   4.8956546e+02
   8.1725609e+00   4.9041779e+02
   8.1825886e+00   4.9089105e+02
   8.1926163e+00   4.9078555e+02
   8.2026440e+00   4.8943173e+02
   8.2126716e+00   4.8741751e+02
   8.2226993e+00   4.8520410e+02
   8.2327270e+00   4.8367126e+02
   8.2427547e+00   4.8224023e+02
   8.2527824e+00   4.8138553e+02
   8.2628101e+00   4.8154257e+02
   8.2728377e+00   4.8281192e+02
   8.2828654e+00   4.8352750e+02
   8.2928931e+00   4.8306458e+02
   8.3029208e+00   4.8194809e+02
   8.3129485e+00   4.8037549e+02
   8.3229762e+00   4.7753287e+02
   8.3330038e+00   4.7342087e+02
   8.3430315e+00   4.6940546e+02
   8.3530592e+00   4.6647284e+02
   8.3630869e+00   4.6342084e+02
   8.3731146e+00   4.6046677e+02
   8.3831422e+00   4.5825015e+02
   8.3931699e+00   4.5634634e+02
   8.4031976e+00   4.5478305e+02
   8.4132253e+00   4.5328552e+02
   8.4232530e+00   4.5121295e+02
   8.4332807e+00   4.4832175e+02
   8.4433083e+00   4.4502072e+02
   8.4533360e+00   4.4357254e+02
   8.4633637e+00   4.4389264e+02
   8.4733914e+00   4.4346475e+02
   8.4834191e+00   4.4264600e+02
   8.4934467e+00   4.4221930e+02
   8.5034744e+00   4.4144241e+02
   8.5135021e+00   4.4077469e+02
   8.5235298e+00   4.4088330e+02
   8.5335575e+00   4.4196384e+02
   8.5435852e+00   4.4276965e+02
   8.5536128e+00   4.4303955e+02
   8.5636405e+00   4.4291226e+02
   8.5736682e+00   4.4222754e+02
   8.5836959e+00   4.4083618e+02
   8.5937236e+00   4.3987881e+02
   8.6037513e+00   4.4046048e+02
   8.6137789e+00   4.4174622e+02
   8.6238066e+00   4.4197955e+02
   8.6338343e+00   4.4105310e+02
   8.6438620e+00   4.4089490e+02
   8.6538897e+00   4.4187344e+02
   8.6639173e+00   4.4192789e+02
   8.6739450e+00   4.4158636e+02
   8.6839727e+00   4.4091476e+02
   8.6940004e+00   4.4025555e+02
   8.7040281e+00   4.3976019e+02
   8.7140558e+00   4.3914789e+02
   8.7240834e+00   4.3842218e+02
   8.7341111e+00   4.3767520e+02
   8.7441388e+00   4.3717700e+02
   8.7541665e+00   4.3727237e+02
   8.7641942e+00   4.3665680e+02
   8.7742218e+00   4.3235583e+02
   8.7842495e+00   4.0834348e+02
   8.7942772e+00   3.5653079e+02
   8.8043049e+00   3.3356186e+02
   8.8143326e+00   2.9797488e+02
   8.8243603e+00   0.0000000e+00
   8.8343879e+00   0.0000000e+00
   8.8444156e+00   0.0000000e+00
   8.8544433e+00   0.0000000e+00
   8.8644710e+00   0.0000000e+00
   8.8744987e+00   0.0000000e+00
   8.8845264e+00   0.0000000e+00
   8.8945540e+00   3.0455255e+02
   8.9045817e+00   3.2011795e+02
   8.9146094e+00   3.3068781e+02
   8.9246371e+00   3.3300748e+02
   8.9346648e+00   3.3418652e+02
   8.9446924e+00   3.3550357e+02
   8.9547201e+00   3.3641147e+02
   8.9647478e+00   3.3582846e+02
   8.9747755e+00   3.3172519e+02
   8.9848032e+00   3.2155203e+02
   8.9948309e+00   3.1182932e+02
   9.0048585e+00   3.0878171e+02
   9.0148862e+00   3.0969760e+02
   9.0249139e+00   3.1138400e+02
   9.0349416e+00   3.1258679e+02
   9.0449693e+00   3.1334967e+02
   9.0549969e+00   3.1332614e+02
   9.0650246e+00   3.1349026e+02
   9.0750523e+00   3.1415369e+02
   9.0850800e+00   3.1489267e+02
   9.0951077e+00   3.1500735e+02
   9.1051354e+00   3.1509180e+02
   9.1151630e+00   3.1549054e+02
   9.1251907e+00   3.1679428e+02
   9.1352184e+00   3.1812823e+02
   9.1452461e+00   3.1901749e+02
   9.1552738e+00   3.1938297e+02
   9.1653015e+00   3.2344547e+02
   9.1753291e+00   3.3488867e+02
   9.1853568e+00   3.4342041e+02
   9.1953845e+00   3.4660388e+02
   9.2054122e+00   3.4608124e+02
   9.2154399e+00   3.4505530e+02
   9.2254675e+00   3.4417145e+02
   9.2354952e+00   3.4345987e+02
   9.2455229e+00   3.4284177e+02
   9.2555506e+00   3.4212778e+02
   9.2655783e+00   3.4106195e+02
   9.2756060e+00   3.3941727e+02
   9.2856336e+00   3.3778250e+02
   9.2956613e+00   3.3741568e+02
   9.3056890e+00   3.3856693e+02
   9.3157167e+00   3.4191107e+02
   9.3257444e+00   3.4667477e+02
   9.3357720e+00   3.5182843e+02
   9.3457997e+00   3.5736292e+02
   9.3558274e+00   3.6225406e+02
   9.3658551e+00   3.6753778e+02
   9.3758828e+00   3.7099744e+02
   9.3859105e+00   3.7351303e+02
   9.3959381e+00   3.7493054e+02
   9.4059658e+00   3.7489075e+02
   9.4159935e+00   3.7386844e+02
   9.4260212e+00   3.7263867e+02
   9.4360489e+00   3.7119351e+02
   9.4460765e+00   3.7005661e+02
   9.4561042e+00   3.6919412e+02
   9.4661319e+00   3.6866388e+02
   9.4761596e+00   3.6870953e+02
   9.4861873e+00   3.6876328e+02
   9.4962150e+00   3.6907541e+02
   9.5062426e+00   3.6954935e+02
   9.5162703e+00   3.6976138e+02
   9.5262980e+00   3.6984369e+02
   9.5363257e+00   3.6962616e+02
   9.5463534e+00   3.6921790e+02
   9.5563811e+00   3.6896170e+02
   9.5664087e+00   3.6869708e+02
   9.5764364e+00   3.6834076e+02
   9.5864641e+00   3.6809473e+02
   9.5964918e+00   3.6767203e+02
   9.6065195e+00   3.6700916e+02
   9.6165471e+00   3.6672122e+02
   9.6265748e+00   3.6702405e+02
   9.6366025e+00   3.6728024e+02
   9.6466302e+00   3.6724942e+02
   9.6566579e+00   3.6723453e+02
   9.6666856e+00   3.6726602e+02
   9.6767132e+00   3.6753580e+02
   9.6867409e+00   3.6816891e+02
   9.6967686e+00   3.6901697e+02
   9.7067963e+00   3.6945874e+02
   9.7168240e+00   3.6920569e+02
   9.7268516e+00   3.6877979e+02
   9.7368793e+00   3.6877600e+02
   9.7469070e+00   3.6889703e+02
   9.7569347e+00   3.6939594e+02
   9.7669624e+00   3.6995859e+02
   9.7769901e+00   3.7030655e+02
   9.7870177e+00   3.7046771e+02
   9.7970454e+00   3.7046915e+02
   9.8070731e+00   3.7020663e+02
   9.8171008e+00   3.7014758e+02
   9.8271285e+00   3.7023148e+02
   9.8371562e+00   3.7037656e+02
   9.8471838e+00   3.7058054e+02
   9.8572115e+00   3.7089297e+02
   9.8672392e+00   3.7094601e+02
   9.8772669e+00   3.7080405e+02
   9.8872946e+00   3.7085831e+02
   9.8973222e+00   3.7062161e+02
   9.9073499e+00   3.7034744e+02
   9.9173776e+00   3.7000482e+02
   9.9274053e+00   3.7022110e+02
   9.9374330e+00   3.7025354e+02
   9.9474607e+00   3.7027563e+02
   9.9574883e+00   3.7029364e+02
   9.9675160e+00   3.7041968e+02
   9.9775437e+00   3.7046094e+02
   9.9875714e+00   3.7028552e+02
   9.9975991e+00   3.7028897e+02
   1.0007627e+01   3.7035806e+02
   1.0017654e+01   3.7054965e+02
   1.0027682e+01   3.7088162e+02
   1.0037710e+01   3.7105096e+02
   1.0047737e+01   3.7096838e+02
   1.0057765e+01   3.7109671e+02
   1.0067793e+01   3.7130170e+02
   1.0077821e+01   3.7159875e+02
   1.0087848e+01   3.7188281e+02
   1.0097876e+01   3.7194553e+02
   1.0107904e+01   3.7211713e+02
   1.0117931e+01   3.7226538e+02
   1.0127959e+01   3.7266949e+02
   1.0137987e+01   3.7308301e+02
   1.0148014e+01   3.7307547e+02
   1.0158042e+01   3.7265594e+02
   1.0168070e+01   3.7231702e+02
   1.0178097e+01   3.7282043e+02
   1.0188125e+01   3.7389090e+02
   1.0198153e+01   3.7549860e+02
   1.0208180e+01   3.7594031e+02
   1.0218208e+01   3.7536929e+02
   1.0228236e+01   3.7572379e+02
   1.0238263e+01   3.7687863e+02
   1.0248291e+01   3.7125684e+02
   1.0258319e+01   3.6403329e+02
   1.0268346e+01   3.6279248e+02
   1.0278374e+01   3.6707950e+02
   1.0288402e+01   3.6959338e+02
   1.0298430e+01   3.7115524e+02
   1.0308457e+01   3.7235922e+02
   1.0318485e+01   3.7344403e+02
   1.0328513e+01   3.7415765e+02
   1.0338540e+01   3.7435391e+02
   1.0348568e+01   3.7452637e+02
   1.0358596e+01   3.7479947e+02
   1.0368623e+01   3.7463901e+02
   1.0378651e+01   3.7432797e+02
   1.0388679e+01   3.7392899e+02
   1.0398706e+01   3.7377487e+02
   1.0408734e+01   3.7335269e+02
   1.0418762e+01   3.7193018e+02
   1.0428789e+01   3.7000644e+02
   1.0438817e+01   3.6826382e+02
   1.0448845e+01   3.6622046e+02
   1.0458872e+01   3.6410406e+02
   1.0468900e+01   3.6155768e+02
   1.0478928e+01   3.5761609e+02
   1.0488955e+01   3.5376569e+02
   1.0498983e+01   3.5049139e+02
   1.0509011e+01   3.4840894e+02
   1.0519039e+01   3.4879224e+02
   1.0529066e+01   3.5116907e+02
   1.0539094e+01   3.5490768e+02
   1.0549122e+01   3.6008276e+02
   1.0559149e+01   3.6428571e+02
   1.0569177e+01   3.7004462e+02
   1.0579205e+01   3.7486185e+02
   1.0589232e+01   3.7791995e+02
   1.0599260e+01   3.7900345e+02
   1.0609288e+01   3.7852283e+02
   1.0619315e+01   3.7662973e+02
   1.0629343e+01   3.7321988e+02
   1.0639371e+01   3.6782379e+02
   1.0649398e+01   3.6071057e+02
   1.0659426e+01   3.5353214e+02
   1.0669454e+01   3.4811163e+02
   1.0679481e+01   3.4459317e+02
   1.0689509e+01   3.4383344e+02
   1.0699537e+01   3.4559711e+02
   1.0709564e+01   3.4963879e+02
   1.0719592e+01   3.5476669e+02
   1.0729620e+01   3.6195200e+02
   1.0739648e+01   3.6868024e+02
   1.0749675e+01   3.7544522e+02
   1.0759703e+01   3.7987378e+02
   1.0769731e+01   3.8117941e+02
   1.0779758e+01   3.8019101e+02
   1.0789786e+01   3.7845599e+02
   1.0799814e+01   3.7616733e+02
   1.0809841e+01   3.7246207e+02
   1.0819869e+01   3.6631631e+02
   1.0829897e+01   3.5984012e+02
   1.0839924e+01   3.5062701e+02
   1.0849952e+01   3.4353635e+02
   1.0859980e+01   3.3898587e+02
   1.0870007e+01   3.3703479e+02
   1.0880035e+01   3.3654120e+02
   1.0890063e+01   3.3859940e+02
   1.0900090e+01   3.4325140e+02
   1.0910118e+01   3.4976633e+02
   1.0920146e+01   3.5629160e+02
   1.0930174e+01   3.6453287e+02
   1.0940201e+01   3.7056506e+02
   1.0950229e+01   3.7509558e+02
   1.0960257e+01   3.7758182e+02
   1.0970284e+01   3.7780597e+02
   1.0980312e+01   3.7659125e+02
   1.0990340e+01   3.7442017e+02
   1.1000367e+01   3.7198935e+02
   1.1010395e+01   3.6817694e+02
   1.1020423e+01   3.6397031e+02
   1.1030450e+01   3.5576480e+02
   1.1040478e+01   3.4752505e+02
   1.1050506e+01   3.4117731e+02
   1.1060533e+01   3.3725757e+02
   1.1070561e+01   3.3651755e+02
   1.1080589e+01   3.3857004e+02
   1.1090616e+01   3.4350253e+02
   1.1100644e+01   3.5011533e+02
   1.1110672e+01   3.5826086e+02
   1.1120699e+01   3.6515387e+02
   1.1130727e+01   3.7184668e+02
   1.1140755e+01   3.7588101e+02
   1.1150783e+01   3.7831555e+02
   1.1160810e+01   3.7857462e+02
   1.1170838e+01   3.7648282e+02
   1.1180866e+01   3.7323801e+02
   1.1190893e+01   3.7024005e+02
   1.1200921e+01   3.6747253e+02
   1.1210949e+01   3.6316977e+02
   1.1220976e+01   3.6089746e+02
   1.1231004e+01   3.5014409e+02
   1.1241032e+01   3.4063401e+02
   1.1251059e+01   3.3746398e+02
   1.1261087e+01   3.4403030e+02
   1.1271115e+01   3.4697406e+02
   1.1281142e+01   3.5174240e+02
   1.1291170e+01   3.5687167e+02
   1.1301198e+01   3.6333997e+02
   1.1311225e+01   3.6890414e+02
   1.1321253e+01   3.7143909e+02
   1.1331281e+01   3.7418576e+02
   1.1341308e+01   3.7518344e+02
   1.1351336e+01   3.7541879e+02
   1.1361364e+01   3.7508066e+02
   1.1371392e+01   3.7717285e+02
   1.1381419e+01   3.7550432e+02
   1.1391447e+01   3.7233429e+02
   1.1401475e+01   3.6916427e+02
   1.1411502e+01   3.5965418e+02
   1.1421530e+01   3.5037598e+02
   1.1431558e+01   3.4971701e+02
   1.1441585e+01   3.5169299e+02
   1.1451613e+01   3.5464841e+02
   1.1461641e+01   3.5965418e+02
   1.1471668e+01   3.6592319e+02
   1.1481696e+01   3.7233429e+02
   1.1491724e+01   3.7867435e+02
   1.1501751e+01   3.8501441e+02
   1.1511779e+01   3.8818444e+02
   1.1521807e+01   3.9135447e+02
   1.1531834e+01   3.8818444e+02
   1.1541862e+01   3.8501441e+02
   1.1551890e+01   3.7867435e+02
   1.1561917e+01   3.7233429e+02
   1.1571945e+01   3.6282421e+02
   1.1581973e+01   3.5965418e+02
   1.1592001e+01   3.5648415e+02
   1.1602028e+01   3.5965418e+02
   1.1612056e+01   3.6599424e+02
   1.1622084e+01   3.7867435e+02
   1.1632111e+01   3.8501441e+02
   1.1642139e+01   3.8027136e+02
   1.1652167e+01   3.7887769e+02
   1.1662194e+01   3.7465250e+02
   1.1672222e+01   3.6696088e+02
   1.1682250e+01   3.5358380e+02
   1.1692277e+01   3.3893979e+02
   1.1702305e+01   3.2507819e+02
   1.1712333e+01   3.1166245e+02
   1.1722360e+01   3.0195218e+02
   1.1732388e+01   2.9459125e+02
   1.1742416e+01   2.8811447e+02
   1.1752443e+01   2.8533554e+02
   1.1762471e+01   2.8578891e+02
   1.1772499e+01   2.8868854e+02
   1.1782526e+01   2.9148892e+02
   1.1792554e+01   2.9491757e+02
   1.1802582e+01   2.9681879e+02
   1.1812610e+01   2.9928403e+02
   1.1822637e+01   2.9952722e+02
   1.1832665e+01   2.9844028e+02
   1.1842693e+01   2.9750937e+02
   1.1852720e+01   2.9652298e+02
   1.1862748e+01   2.9568155e+02
   1.1872776e+01   2.9417438e+02
   1.1882803e+01   2.9237378e+02
   1.1892831e+01   2.9057697e+02
   1.1902859e+01   2.9004828e+02
   1.1912886e+01   2.8982950e+02
   1.1922914e+01   2.9018777e+02
   1.1932942e+01   2.8934451e+02
   1.1942969e+01   2.8913846e+02
   1.1952997e+01   2.8954153e+02
   1.1963025e+01   2.9035950e+02
   1.1973052e+01   2.9145053e+02
   1.1983080e+01   2.9301007e+02
   1.1993108e+01   2.9458633e+02
   1.2003135e+01   2.9607877e+02
   1.2013163e+01   2.9378458e+02
   1.2023191e+01   2.8006113e+02
   1.2033219e+01   2.5684015e+02
   1.2043246e+01   2.5030560e+02
   1.2053274e+01   2.5645789e+02
   1.2063302e+01   2.6775549e+02
   1.2073329e+01   2.7863867e+02
   1.2083357e+01   2.9024869e+02
   1.2093385e+01   2.9988388e+02
   1.2103412e+01   3.0665332e+02
   1.2113440e+01   3.1326389e+02
   1.2123468e+01   3.2096127e+02
   1.2133495e+01   3.2545956e+02
   1.2143523e+01   3.2936652e+02
   1.2153551e+01   3.3578952e+02
   1.2163578e+01   3.4148871e+02
   1.2173606e+01   3.4408881e+02
   1.2183634e+01   3.4353598e+02
   1.2193661e+01   3.4289429e+02
   1.2203689e+01   3.4182965e+02
   1.2213717e+01   3.4011325e+02
   1.2223744e+01   3.3869583e+02
   1.2233772e+01   3.3713138e+02
   1.2243800e+01   3.3582208e+02
   1.2253828e+01   3.3496048e+02
   1.2263855e+01   3.3476538e+02
   1.2273883e+01   3.3481720e+02
   1.2283911e+01   3.3557260e+02
   1.2293938e+01   3.3632928e+02
   1.2303966e+01   3.3678229e+02
   1.2313994e+01   3.3694437e+02
   1.2324021e+01   3.3678143e+02
   1.2334049e+01   3.3622150e+02
   1.2344077e+01   3.3485840e+02
   1.2354104e+01   3.3649026e+02
   1.2364132e+01   3.4238876e+02
   1.2374160e+01   3.4635596e+02
   1.2384187e+01   3.4611285e+02
   1.2394215e+01   3.4230316e+02
   1.2404243e+01   3.2370691e+02
   1.2414270e+01   2.9325128e+02
   1.2424298e+01   2.7867731e+02
   1.2434326e+01   2.7246796e+02
   1.2444354e+01   2.6517462e+02
   1.2454381e+01   2.5925391e+02
   1.2464409e+01   2.5360345e+02
   1.2474437e+01   2.4906441e+02
   1.2484464e+01   2.4485287e+02
   1.2494492e+01   2.3951486e+02
   1.2504520e+01   2.5565222e+02
   1.2514547e+01   2.7741037e+02
   1.2524575e+01   2.9118439e+02
   1.2534603e+01   3.0767273e+02
   1.2544630e+01   3.2967844e+02
   1.2554658e+01   3.4087427e+02
   1.2564686e+01   3.4405466e+02
   1.2574713e+01   3.4515646e+02
   1.2584741e+01   3.4548053e+02
   1.2594769e+01   3.4538528e+02
   1.2604796e+01   3.4560300e+02
   1.2614824e+01   3.4585379e+02
   1.2624852e+01   3.4616058e+02
   1.2634879e+01   3.4632846e+02
   1.2644907e+01   3.4625806e+02
   1.2654935e+01   3.4623514e+02
   1.2664963e+01   3.4639880e+02
   1.2674990e+01   3.4669568e+02
   1.2685018e+01   3.4732864e+02
   1.2695046e+01   3.4884091e+02
   1.2705073e+01   3.5036835e+02
   1.2715101e+01   3.5303336e+02
   1.2725129e+01   3.5538824e+02
   1.2735156e+01   3.5860483e+02
   1.2745184e+01   3.6158981e+02
   1.2755212e+01   3.6369351e+02
   1.2765239e+01   3.6552731e+02
   1.2775267e+01   3.6725674e+02
   1.2785295e+01   3.6862628e+02
   1.2795322e+01   3.6932602e+02
   1.2805350e+01   3.6933685e+02
   1.2815378e+01   3.6901813e+02
   1.2825405e+01   3.6899835e+02
   1.2835433e+01   3.6911633e+02
   1.2845461e+01   3.6929446e+02
   1.2855488e+01   3.6964673e+02
   1.2865516e+01   3.7018256e+02
   1.2875544e+01   3.7042126e+02
   1.2885572e+01   3.7068115e+02
   1.2895599e+01   3.7110724e+02
   1.2905627e+01   3.7094214e+02
   1.2915655e+01   3.7036475e+02
   1.2925682e+01   3.6948340e+02
   1.2935710e+01   3.6851221e+02
   1.2945738e+01   3.6737784e+02
   1.2955765e+01   3.6635120e+02
   1.2965793e+01   3.6584567e+02
   1.2975821e+01   3.6521652e+02
   1.2985848e+01   3.6465836e+02
   1.2995876e+01   3.6428906e+02
   1.3005904e+01   3.6400381e+02
   1.3015931e+01   3.6328531e+02
   1.3025959e+01   3.6236649e+02
   1.3035987e+01   3.6082297e+02
   1.3046014e+01   3.5898370e+02
   1.3056042e+01   3.5762991e+02
   1.3066070e+01   3.5580719e+02
   1.3076097e+01   3.5344598e+02
   1.3086125e+01   3.5001892e+02
   1.3096153e+01   3.4692053e+02
   1.3106181e+01   3.4440167e+02
   1.3116208e+01   3.4223172e+02
   1.3126236e+01   3.4011139e+02
   1.3136264e+01   3.3771790e+02
   1.3146291e+01   3.3541498e+02
   1.3156319e+01   3.3397656e+02
   1.3166347e+01   3.3255365e+02
   1.3176374e+01   3.3166391e+02
   1.3186402e+01   3.3063470e+02
   1.3196430e+01   3.2974268e+02
   1.3206457e+01   3.2898730e+02
   1.3216485e+01   3.2840048e+02
   1.3226513e+01   3.2816666e+02
   1.3236540e+01   3.2826031e+02
   1.3246568e+01   3.2854984e+02
   1.3256596e+01   3.2879831e+02
   1.3266623e+01   3.2964145e+02
   1.3276651e+01   3.3124515e+02
   1.3286679e+01   3.3227219e+02
   1.3296706e+01   3.3010980e+02
   1.3306734e+01   3.2003351e+02
   1.3316762e+01   3.0232538e+02
   1.3326790e+01   2.8152133e+02
   1.3336817e+01   2.6332416e+02
   1.3346845e+01   2.5326360e+02
   1.3356873e+01   0.0000000e+00
   1.3366900e+01   0.0000000e+00
   1.3376928e+01   0.0000000e+00
   1.3386956e+01   0.0000000e+00
   1.3396983e+01   0.0000000e+00
   1.3407011e+01   3.2009784e+02
   1.3417039e+01   3.2827728e+02
   1.3427066e+01   3.3965826e+02
   1.3437094e+01   3.4620911e+02
   1.3447122e+01   3.4843323e+02
   1.3457149e+01   3.4806714e+02
   1.3467177e+01   3.4614923e+02
   1.3477205e+01   3.4182770e+02
   1.3487232e+01   3.3646240e+02
   1.3497260e+01   3.2894781e+02
   1.3507288e+01   3.2343707e+02
   1.3517315e+01   3.2037622e+02
   1.3527343e+01   3.1977933e+02
   1.3537371e+01   3.2116550e+02
   1.3547399e+01   3.2387537e+02
   1.3557426e+01   3.2790503e+02
   1.3567454e+01   3.3151544e+02
   1.3577482e+01   3.3300064e+02
   1.3587509e+01   3.3151065e+02
   1.3597537e+01   3.1950101e+02
   1.3607565e+01   3.0268143e+02
   1.3617592e+01   2.8932001e+02
   1.3627620e+01   2.8446616e+02
   1.3637648e+01   2.8143295e+02
   1.3647675e+01   2.7997263e+02
   1.3657703e+01   2.8235651e+02
   1.3667731e+01   2.8663916e+02
   1.3677758e+01   2.8994281e+02
   1.3687786e+01   2.9185095e+02
   1.3697814e+01   2.9237411e+02
   1.3707841e+01   2.9373370e+02
   1.3717869e+01   2.9617014e+02
   1.3727897e+01   2.9920340e+02
   1.3737924e+01   3.0252838e+02
   1.3747952e+01   3.0450214e+02
   1.3757980e+01   3.0214062e+02
   1.3768008e+01   2.9132559e+02
   1.3778035e+01   2.6495779e+02
   1.3788063e+01   2.4367325e+02
   1.3798091e+01   2.2697597e+02
   1.3808118e+01   0.0000000e+00
   1.3818146e+01   0.0000000e+00
   1.3828174e+01   0.0000000e+00
   1.3838201e+01   0.0000000e+00
   1.3848229e+01   0.0000000e+00
   1.3858257e+01   0.0000000e+00
   1.3868284e+01   0.0000000e+00
   1.3878312e+01   0.0000000e+00
   1.3888340e+01   0.0000000e+00
   1.3898367e+01   0.0000000e+00
   1.3908395e+01   0.0000000e+00
   1.3918423e+01   0.0000000e+00
   1.3928450e+01   0.0000000e+00
   1.3938478e+01   0.0000000e+00
   1.3948506e+01   0.0000000e+00
   1.3958534e+01   0.0000000e+00
   1.3968561e+01   0.0000000e+00
   1.3978589e+01   0.0000000e+00
   1.3988617e+01   0.0000000e+00
   1.3998644e+01   0.0000000e+00
   1.4008672e+01   0.0000000e+00
   1.4018700e+01   0.0000000e+00
   1.4028727e+01   0.0000000e+00
   1.4038755e+01   0.0000000e+00
   1.4048783e+01   0.0000000e+00
   1.4058810e+01   2.5998773e+02
   1.4068838e+01   2.6470834e+02
   1.4078866e+01   2.6851810e+02
   1.4088893e+01   2.7253708e+02
   1.4098921e+01   2.7543430e+02
   1.4108949e+01   2.7716827e+02
   1.4118976e+01   2.7807159e+02
   1.4129004e+01   2.7786435e+02
   1.4139032e+01   2.7588980e+02
   1.4149059e+01   2.7270432e+02
   1.4159087e+01   2.6981653e+02
   1.4169115e+01   2.6650150e+02
   1.4179143e+01   2.6038736e+02
   1.4189170e+01   2.5055791e+02
   1.4199198e+01   2.4724278e+02
   1.4209226e+01   2.4715656e+02
   1.4219253e+01   2.4926172e+02
   1.4229281e+01   2.5460324e+02
   1.4239309e+01   2.6034113e+02
   1.4249336e+01   2.6662524e+02
   1.4259364e+01   2.7177237e+02
   1.4269392e+01   2.7588522e+02
   1.4279419e+01   2.7898462e+02
   1.4289447e+01   2.8018259e+02
   1.4299475e+01   2.7993497e+02
   1.4309502e+01   2.7777307e+02
   1.4319530e+01   2.7329941e+02
   1.4329558e+01   2.6782156e+02
   1.4339585e+01   2.6150311e+02
   1.4349613e+01   2.5519716e+02
   1.4359641e+01   2.4896399e+02
   1.4369668e+01   2.4605190e+02
   1.4379696e+01   2.4557999e+02
   1.4389724e+01   2.4742499e+02
   1.4399752e+01   2.5249611e+02
   1.4409779e+01   2.5769070e+02
   1.4419807e+01   2.6383136e+02
   1.4429835e+01   2.7020197e+02
   1.4439862e+01   2.7739560e+02
   1.4449890e+01   2.8141000e+02
   1.4459918e+01   2.8396075e+02
   1.4469945e+01   2.8378070e+02
   1.4479973e+01   2.8154672e+02
   1.4490001e+01   2.7688504e+02
   1.4500028e+01   2.7162933e+02
   1.4510056e+01   2.6485571e+02
   1.4520084e+01   2.5737546e+02
   1.4530111e+01   2.4954790e+02
   1.4540139e+01   2.4525754e+02
   1.4550167e+01   2.4393938e+02
   1.4560194e+01   2.4577078e+02
   1.4570222e+01   2.5102211e+02
   1.4580250e+01   2.5678830e+02
   1.4590277e+01   2.6517291e+02
   1.4600305e+01   2.7257370e+02
   1.4610333e+01   2.8095935e+02
   1.4620361e+01   2.8610583e+02
   1.4630388e+01   2.8866348e+02
   1.4640416e+01   2.8889722e+02
   1.4650444e+01   2.8666556e+02
   1.4660471e+01   2.8231973e+02
   1.4670499e+01   2.7470773e+02
   1.4680527e+01   2.6623672e+02
   1.4690554e+01   2.5765250e+02
   1.4700582e+01   2.4966212e+02
   1.4710610e+01   2.4384851e+02
   1.4720637e+01   2.4312051e+02
   1.4730665e+01   2.4573393e+02
   1.4740693e+01   2.4952690e+02
   1.4750720e+01   2.5466014e+02
   1.4760748e+01   2.6045541e+02
   1.4770776e+01   2.6633759e+02
   1.4780803e+01   2.7249023e+02
   1.4790831e+01   2.7797067e+02
   1.4800859e+01   2.8069312e+02
   1.4810886e+01   2.8158017e+02
   1.4820914e+01   2.7943570e+02
   1.4830942e+01   2.7413315e+02
   1.4840970e+01   2.6683783e+02
   1.4850997e+01   2.5828238e+02
   1.4861025e+01   2.5019620e+02
   1.4871053e+01   2.4257896e+02
   1.4881080e+01   2.3949965e+02
   1.4891108e+01   2.3829637e+02
   1.4901136e+01   2.3969298e+02
   1.4911163e+01   2.4326453e+02
   1.4921191e+01   2.5020702e+02
   1.4931219e+01   2.5733786e+02
   1.4941246e+01   2.6390536e+02
   1.4951274e+01   2.6973880e+02
   1.4961302e+01   2.7444931e+02
   1.4971329e+01   2.7725641e+02
   1.4981357e+01   2.7803400e+02
   1.4991385e+01   2.7715903e+02
   1.5001412e+01   2.7350583e+02
   1.5011440e+01   2.6777539e+02
   1.5021468e+01   2.6060019e+02
   1.5031495e+01   2.5322304e+02
   1.5041523e+01   2.4565381e+02
   1.5051551e+01   2.4160411e+02
   1.5061579e+01   2.3983171e+02
   1.5071606e+01   2.4037842e+02
   1.5081634e+01   2.4323277e+02
   1.5091662e+01   2.4766660e+02
   1.5101689e+01   2.5308473e+02
   1.5111717e+01   2.5892157e+02
   1.5121745e+01   2.6431906e+02
   1.5131772e+01   2.6954608e+02
   1.5141800e+01   2.7311151e+02
   1.5151828e+01   2.7515530e+02
   1.5161855e+01   2.7538492e+02
   1.5171883e+01   2.7338809e+02
   1.5181911e+01   2.7029520e+02
   1.5191938e+01   2.6636743e+02
   1.5201966e+01   2.6135455e+02
   1.5211994e+01   2.5424364e+02
   1.5222021e+01   2.4883363e+02
   1.5232049e+01   2.4353331e+02
   1.5242077e+01   2.4186739e+02
   1.5252104e+01   2.4315587e+02
   1.5262132e+01   2.4655635e+02
   1.5272160e+01   2.5285982e+02
   1.5282188e+01   2.5982748e+02
   1.5292215e+01   2.6719113e+02
   1.5302243e+01   2.7425961e+02
   1.5312271e+01   2.7958069e+02
   1.5322298e+01   2.8103824e+02
   1.5332326e+01   2.7817184e+02
   1.5342354e+01   2.7055447e+02
   1.5352381e+01   2.6069196e+02
   1.5362409e+01   2.4989183e+02
   1.5372437e+01   2.3466107e+02
   1.5382464e+01   0.0000000e+00
   1.5392492e+01   0.0000000e+00
   1.5402520e+01   0.0000000e+00
   1.5412547e+01   0.0000000e+00
   1.5422575e+01   0.0000000e+00
   1.5432603e+01   0.0000000e+00
   1.5442630e+01   0.0000000e+00
   1.5452658e+01   0.0000000e+00
   1.5462686e+01   0.0000000e+00
   1.5472713e+01   0.0000000e+00
   1.5482741e+01   0.0000000e+00
   1.5492769e+01   0.0000000e+00
   1.5502797e+01   0.0000000e+00
   1.5512824e+01   0.0000000e+00
   1.5522852e+01   0.0000000e+00
   1.5532880e+01   0.0000000e+00
   1.5542907e+01   0.0000000e+00
   1.5552935e+01   0.0000000e+00
   1.5562963e+01   0.0000000e+00
   1.5572990e+01   0.0000000e+00
   1.5583018e+01   0.0000000e+00
   1.5593046e+01   0.0000000e+00
   1.5603073e+01   0.0000000e+00
   1.5613101e+01   0.0000000e+00
   1.5623129e+01   0.0000000e+00
   1.5633156e+01   0.0000000e+00
   1.5643184e+01   0.0000000e+00
   1.5653212e+01   0.0000000e+00
   1.5663239e+01   0.0000000e+00
   1.5673267e+01   0.0000000e+00
   1.5683295e+01   0.0000000e+00
   1.5693323e+01   0.0000000e+00
   1.5703350e+01   0.0000000e+00
   1.5713378e+01   0.0000000e+00
   1.5723406e+01   0.0000000e+00
   1.5733433e+01   0.0000000e+00
   1.5743461e+01   0.0000000e+00
   1.5753489e+01   0.0000000e+00
   1.5763516e+01   0.0000000e+00
   1.5773544e+01   0.0000000e+00
   1.5783572e+01   0.0000000e+00
   1.5793599e+01   0.0000000e+00
   1.5803627e+01   0.0000000e+00
   1.5813655e+01   0.0000000e+00
   1.5823682e+01   0.0000000e+00
   1.5833710e+01   0.0000000e+00
   1.5843738e+01   0.0000000e+00
   1.5853765e+01   0.0000000e+00
   1.5863793e+01   0.0000000e+00
   1.5873821e+01   0.0000000e+00
   1.5883848e+01   0.0000000e+00
   1.5893876e+01   0.0000000e+00
   1.5903904e+01   0.0000000e+00
   1.5913932e+01   0.0000000e+00
   1.5923959e+01   0.0000000e+00
   1.5933987e+01   0.0000000e+00
   1.5944015e+01   0.0000000e+00
   1.5954042e+01   0.0000000e+00
   1.5964070e+01   0.0000000e+00
   1.5974098e+01   0.0000000e+00
   1.5984125e+01   0.0000000e+00
   1.5994153e+01   0.0000000e+00
   1.6004181e+01   0.0000000e+00
   1.6014208e+01   0.0000000e+00
